667
133
369
670
552
522
70
434
157
7
671
517
355
338
54
67
291
614
350
386
134
45
205
159
645
313
191
31
510
435
64
426
415
354
519
168
541
495
215
585
590
465
542
211
88
720
200
99
341
307
441
400
59
680
100
698
346
121
83
447
5
41
621
726
618
696
115
20
515
213
110
178
32
73
641
529
37
174
548
412
589
136
398
636
493
123
472
170
558
619
499
142
139
29
237
91
440
275
175
190
668
631
601
533
16
236
705
363
243
640
38
721
33
390
312
108
334
86
276
550
477
44
391
666
261
325
498
399
209
420
210
630
118
148
125
662
473
284
353
584
251
575
50
98
596
422
488
647
127
292
207
259
445
534
323
658
348
544
241
267
637
442
161
298
126
516
301
214
310
505
496
433
610
611
478
53
470
221
366
230
523
273
628
185
26
672
395
166
24
75
468
569
583
289
257
684
608
380
77
719
452
17
13
15
68
202
217
344
430
327
171
460
72
43
509
500
702
158
66
360
713
131
74
708
262
55
381
722
34
592
715
453
384
258
471
532
203
475
650
540
417
240
128
564
436
71
28
311
351
638
290
27
657
536
208
401
281
451
448
527
141
506
484
330
512
685
218
79
117
502
568
97
177
314
51
652
135
299
664
111
375
294
535
282
423
254
256
169
567
151
677
367
524
52
165
120
339
521
14
297
439
490
429
9
239
625
114
85
173
649
56
278
113
578
102
247
10
444
486
179
690
266
144
8
103
47
572
255
271
340
143
322
598
714
167
337
528
699
40
549
476
643
129
318
514
252
181
264
642
235
491
513
616
632
18
580
411
674
547
397
358
392
421
587
372
635
531
706
425
396
48
446
250
232
90
345
377
80
89
279
633
525
263
659
437
554
352
293
82
39
225
682
244
482
681
454
729
58
162
304
703
300
622
443
106
370
474
599
691
432
87
12
112
119
94
196
376
305
459
152
617
648
686
309
539
526
343
101
546
156
629
189
145
438
69
4
361
479
456
644
176
379
122
450
607
588
212
455
507
184
199
315
427
30
424
104
164
530
146
216
201
